Function: 2-point correlation
Method: deterministic, exact
Number of grid cells: 256^3 (top-hat smoothing with shift)
Warning: none
Procorr version 1.9
--------------------------------------------------------------
Correlation scale r [input length unit], 2-point correlation xi(r)
  1.967E-03  1.446E-03  1.046E-03  8.203E-04  6.905E-04  6.059E-04  5.422E-04  4.913E-04  4.490E-04  4.133E-04  3.822E-04  3.548E-04  3.302E-04  3.082E-04  2.882E-04  2.701E-04  2.535E-04  2.382E-04  2.109E-04  1.991E-04  1.770E-04  1.482E-04  1.315E-04  1.028E-04  7.703E-05  5.603E-05  3.493E-05  1.255E-05
  1.446E-03  1.283E-03  1.032E-03  8.247E-04  6.918E-04  6.041E-04  5.404E-04  4.898E-04  4.479E-04  4.123E-04  3.814E-04  3.540E-04  3.297E-04  3.077E-04  2.879E-04  2.698E-04  2.532E-04  2.380E-04  2.108E-04  1.990E-04  1.769E-04  1.481E-04  1.314E-04  1.028E-04  7.709E-05  5.600E-05  3.493E-05  1.256E-05
  1.046E-03  1.032E-03  9.568E-04  8.200E-04  6.932E-04  6.028E-04  5.377E-04  4.874E-04  4.460E-04  4.107E-04  3.799E-04  3.529E-04  3.287E-04  3.070E-04  2.872E-04  2.692E-04  2.528E-04  2.376E-04  2.105E-04  1.987E-04  1.766E-04  1.478E-04  1.313E-04  1.029E-04  7.719E-05  5.596E-05  3.493E-05  1.260E-05
  8.203E-04  8.247E-04  8.200E-04  7.764E-04  6.890E-04  6.018E-04  5.351E-04  4.843E-04  4.432E-04  4.084E-04  3.781E-04  3.513E-04  3.274E-04  3.059E-04  2.863E-04  2.685E-04  2.521E-04  2.371E-04  2.101E-04  1.982E-04  1.762E-04  1.476E-04  1.311E-04  1.029E-04  7.730E-05  5.592E-05  3.493E-05  1.264E-05
  6.905E-04  6.918E-04  6.932E-04  6.890E-04  6.590E-04  5.973E-04  5.329E-04  4.811E-04  4.398E-04  4.054E-04  3.756E-04  3.493E-04  3.257E-04  3.045E-04  2.852E-04  2.675E-04  2.514E-04  2.364E-04  2.095E-04  1.977E-04  1.758E-04  1.472E-04  1.309E-04  1.030E-04  7.742E-05  5.587E-05  3.493E-05  1.270E-05
  6.059E-04  6.041E-04  6.028E-04  6.018E-04  5.973E-04  5.746E-04  5.281E-04  4.781E-04  4.363E-04  4.019E-04  3.726E-04  3.468E-04  3.236E-04  3.027E-04  2.837E-04  2.664E-04  2.504E-04  2.356E-04  2.088E-04  1.971E-04  1.752E-04  1.468E-04  1.307E-04  1.031E-04  7.755E-05  5.584E-05  3.493E-05  1.276E-05
  5.422E-04  5.404E-04  5.377E-04  5.351E-04  5.329E-04  5.281E-04  5.099E-04  4.732E-04  4.329E-04  3.983E-04  3.692E-04  3.438E-04  3.212E-04  3.007E-04  2.820E-04  2.649E-04  2.491E-04  2.345E-04  2.080E-04  1.964E-04  1.746E-04  1.464E-04  1.304E-04  1.031E-04  7.767E-05  5.581E-05  3.493E-05  1.284E-05
  4.913E-04  4.898E-04  4.874E-04  4.843E-04  4.811E-04  4.781E-04  4.732E-04  4.580E-04  4.281E-04  3.948E-04  3.656E-04  3.405E-04  3.183E-04  2.983E-04  2.800E-04  2.632E-04  2.476E-04  2.332E-04  2.070E-04  1.954E-04  1.738E-04  1.459E-04  1.302E-04  1.032E-04  7.780E-05  5.580E-05  3.492E-05  1.292E-05
  4.490E-04  4.479E-04  4.460E-04  4.432E-04  4.398E-04  4.363E-04  4.329E-04  4.281E-04  4.151E-04  3.901E-04  3.621E-04  3.370E-04  3.151E-04  2.956E-04  2.777E-04  2.612E-04  2.459E-04  2.317E-04  2.059E-04  1.944E-04  1.730E-04  1.454E-04  1.298E-04  1.032E-04  7.792E-05  5.581E-05  3.492E-05  1.301E-05
  4.133E-04  4.123E-04  4.107E-04  4.084E-04  4.054E-04  4.019E-04  3.983E-04  3.948E-04  3.901E-04  3.788E-04  3.576E-04  3.336E-04  3.118E-04  2.925E-04  2.750E-04  2.589E-04  2.440E-04  2.300E-04  2.045E-04  1.932E-04  1.721E-04  1.449E-04  1.295E-04  1.033E-04  7.803E-05  5.583E-05  3.491E-05  1.311E-05
  3.822E-04  3.814E-04  3.799E-04  3.781E-04  3.756E-04  3.726E-04  3.692E-04  3.656E-04  3.621E-04  3.576E-04  3.477E-04  3.293E-04  3.084E-04  2.892E-04  2.720E-04  2.563E-04  2.417E-04  2.281E-04  2.030E-04  1.919E-04  1.712E-04  1.443E-04  1.292E-04  1.033E-04  7.813E-05  5.587E-05  3.491E-05  1.321E-05
  3.548E-04  3.540E-04  3.529E-04  3.513E-04  3.493E-04  3.468E-04  3.438E-04  3.405E-04  3.370E-04  3.336E-04  3.293E-04  3.205E-04  3.044E-04  2.860E-04  2.689E-04  2.534E-04  2.392E-04  2.259E-04  2.014E-04  1.905E-04  1.701E-04  1.437E-04  1.288E-04  1.032E-04  7.822E-05  5.592E-05  3.491E-05  1.332E-05
  3.302E-04  3.297E-04  3.287E-04  3.274E-04  3.257E-04  3.236E-04  3.212E-04  3.183E-04  3.151E-04  3.118E-04  3.084E-04  3.044E-04  2.964E-04  2.821E-04  2.658E-04  2.504E-04  2.364E-04  2.234E-04  1.996E-04  1.890E-04  1.690E-04  1.431E-04  1.284E-04  1.031E-04  7.829E-05  5.597E-05  3.491E-05  1.344E-05
  3.082E-04  3.077E-04  3.070E-04  3.059E-04  3.045E-04  3.027E-04  3.007E-04  2.983E-04  2.956E-04  2.925E-04  2.892E-04  2.860E-04  2.821E-04  2.748E-04  2.621E-04  2.474E-04  2.335E-04  2.208E-04  1.976E-04  1.873E-04  1.677E-04  1.424E-04  1.280E-04  1.030E-04  7.834E-05  5.603E-05  3.493E-05  1.356E-05
  2.882E-04  2.879E-04  2.872E-04  2.863E-04  2.852E-04  2.837E-04  2.820E-04  2.800E-04  2.777E-04  2.750E-04  2.720E-04  2.689E-04  2.658E-04  2.621E-04  2.553E-04  2.438E-04  2.306E-04  2.180E-04  1.955E-04  1.854E-04  1.664E-04  1.417E-04  1.275E-04  1.028E-04  7.838E-05  5.609E-05  3.495E-05  1.369E-05
  2.701E-04  2.698E-04  2.692E-04  2.685E-04  2.675E-04  2.664E-04  2.649E-04  2.632E-04  2.612E-04  2.589E-04  2.563E-04  2.534E-04  2.504E-04  2.474E-04  2.438E-04  2.377E-04  2.273E-04  2.153E-04  1.932E-04  1.834E-04  1.650E-04  1.408E-04  1.270E-04  1.026E-04  7.839E-05  5.615E-05  3.499E-05  1.383E-05
  2.535E-04  2.532E-04  2.528E-04  2.521E-04  2.514E-04  2.504E-04  2.491E-04  2.476E-04  2.459E-04  2.440E-04  2.417E-04  2.392E-04  2.364E-04  2.335E-04  2.306E-04  2.273E-04  2.216E-04  2.122E-04  1.908E-04  1.813E-04  1.635E-04  1.400E-04  1.264E-04  1.023E-04  7.838E-05  5.621E-05  3.503E-05  1.396E-05
  2.382E-04  2.380E-04  2.376E-04  2.371E-04  2.364E-04  2.356E-04  2.345E-04  2.332E-04  2.317E-04  2.300E-04  2.281E-04  2.259E-04  2.234E-04  2.208E-04  2.180E-04  2.153E-04  2.122E-04  2.070E-04  1.884E-04  1.791E-04  1.618E-04  1.390E-04  1.257E-04  1.020E-04  7.835E-05  5.627E-05  3.509E-05  1.411E-05
  2.109E-04  2.108E-04  2.105E-04  2.101E-04  2.095E-04  2.088E-04  2.080E-04  2.070E-04  2.059E-04  2.045E-04  2.030E-04  2.014E-04  1.996E-04  1.976E-04  1.955E-04  1.932E-04  1.908E-04  1.884E-04  1.806E-04  1.742E-04  1.582E-04  1.367E-04  1.240E-04  1.013E-04  7.817E-05  5.636E-05  3.525E-05  1.441E-05
  1.991E-04  1.990E-04  1.987E-04  1.982E-04  1.977E-04  1.971E-04  1.964E-04  1.954E-04  1.944E-04  1.932E-04  1.919E-04  1.905E-04  1.890E-04  1.873E-04  1.854E-04  1.834E-04  1.813E-04  1.791E-04  1.742E-04  1.705E-04  1.564E-04  1.354E-04  1.231E-04  1.009E-04  7.805E-05  5.640E-05  3.535E-05  1.456E-05
  1.770E-04  1.769E-04  1.766E-04  1.762E-04  1.758E-04  1.752E-04  1.746E-04  1.738E-04  1.730E-04  1.721E-04  1.712E-04  1.701E-04  1.690E-04  1.677E-04  1.664E-04  1.650E-04  1.635E-04  1.618E-04  1.582E-04  1.564E-04  1.503E-04  1.325E-04  1.209E-04  9.981E-05  7.767E-05  5.645E-05  3.559E-05  1.489E-05
  1.482E-04  1.481E-04  1.478E-04  1.476E-04  1.472E-04  1.468E-04  1.464E-04  1.459E-04  1.454E-04  1.449E-04  1.443E-04  1.437E-04  1.431E-04  1.424E-04  1.417E-04  1.408E-04  1.400E-04  1.390E-04  1.367E-04  1.354E-04  1.325E-04  1.255E-04  1.170E-04  9.764E-05  7.683E-05  5.643E-05  3.600E-05  1.540E-05
  1.315E-04  1.314E-04  1.313E-04  1.311E-04  1.309E-04  1.307E-04  1.304E-04  1.302E-04  1.298E-04  1.295E-04  1.292E-04  1.288E-04  1.284E-04  1.280E-04  1.275E-04  1.270E-04  1.264E-04  1.257E-04  1.240E-04  1.231E-04  1.209E-04  1.170E-04  1.129E-04  9.587E-05  7.610E-05  5.635E-05  3.629E-05  1.574E-05
  1.028E-04  1.028E-04  1.029E-04  1.029E-04  1.030E-04  1.031E-04  1.031E-04  1.032E-04  1.032E-04  1.033E-04  1.033E-04  1.032E-04  1.031E-04  1.030E-04  1.028E-04  1.026E-04  1.023E-04  1.020E-04  1.013E-04  1.009E-04  9.981E-05  9.764E-05  9.587E-05  8.963E-05  7.394E-05  5.593E-05  3.685E-05  1.650E-05
  7.703E-05  7.709E-05  7.719E-05  7.730E-05  7.742E-05  7.755E-05  7.767E-05  7.780E-05  7.792E-05  7.803E-05  7.813E-05  7.822E-05  7.829E-05  7.834E-05  7.838E-05  7.839E-05  7.838E-05  7.835E-05  7.817E-05  7.805E-05  7.767E-05  7.683E-05  7.610E-05  7.394E-05  6.853E-05  5.473E-05  3.738E-05  1.756E-05
  5.603E-05  5.600E-05  5.596E-05  5.592E-05  5.587E-05  5.584E-05  5.581E-05  5.580E-05  5.581E-05  5.583E-05  5.587E-05  5.592E-05  5.597E-05  5.603E-05  5.609E-05  5.615E-05  5.621E-05  5.627E-05  5.636E-05  5.640E-05  5.645E-05  5.643E-05  5.635E-05  5.593E-05  5.473E-05  5.062E-05  3.742E-05  1.891E-05
  3.493E-05  3.493E-05  3.493E-05  3.493E-05  3.493E-05  3.493E-05  3.493E-05  3.492E-05  3.492E-05  3.491E-05  3.491E-05  3.491E-05  3.491E-05  3.493E-05  3.495E-05  3.499E-05  3.503E-05  3.509E-05  3.525E-05  3.535E-05  3.559E-05  3.600E-05  3.629E-05  3.685E-05  3.738E-05  3.742E-05  3.458E-05  2.055E-05
  1.255E-05  1.256E-05  1.260E-05  1.264E-05  1.270E-05  1.276E-05  1.284E-05  1.292E-05  1.301E-05  1.311E-05  1.321E-05  1.332E-05  1.344E-05  1.356E-05  1.369E-05  1.383E-05  1.396E-05  1.411E-05  1.441E-05  1.456E-05  1.489E-05  1.540E-05  1.574E-05  1.650E-05  1.756E-05  1.891E-05  2.055E-05  2.023E-05
