Function: 2-point correlation
Method: deterministic, exact
Number of grid cells: 256^3 (top-hat smoothing with shift)
Warning: none
Procorr version 1.9
--------------------------------------------------------------
Correlation scale r [input length unit], 2-point correlation xi(r)
  1.474E-04  1.244E-04  1.060E-04  9.369E-05  8.459E-05  7.724E-05  7.095E-05  6.547E-05  6.060E-05  5.626E-05  5.233E-05  4.877E-05  4.550E-05  4.251E-05  3.975E-05  3.721E-05  3.487E-05  3.270E-05  2.880E-05  2.710E-05  2.400E-05  2.008E-05  1.786E-05  1.405E-05  1.048E-05  7.547E-06  4.922E-06  1.840E-06
  1.244E-04  1.166E-04  1.040E-04  9.264E-05  8.382E-05  7.664E-05  7.051E-05  6.513E-05  6.035E-05  5.605E-05  5.217E-05  4.863E-05  4.540E-05  4.242E-05  3.968E-05  3.716E-05  3.482E-05  3.266E-05  2.878E-05  2.709E-05  2.399E-05  2.006E-05  1.785E-05  1.405E-05  1.048E-05  7.549E-06  4.920E-06  1.842E-06
  1.060E-04  1.040E-04  9.895E-05  9.069E-05  8.254E-05  7.567E-05  6.977E-05  6.457E-05  5.992E-05  5.572E-05  5.190E-05  4.841E-05  4.522E-05  4.228E-05  3.957E-05  3.706E-05  3.475E-05  3.260E-05  2.874E-05  2.706E-05  2.397E-05  2.005E-05  1.784E-05  1.405E-05  1.049E-05  7.554E-06  4.918E-06  1.847E-06
  9.369E-05  9.264E-05  9.069E-05  8.674E-05  8.062E-05  7.432E-05  6.874E-05  6.378E-05  5.931E-05  5.523E-05  5.151E-05  4.810E-05  4.497E-05  4.207E-05  3.940E-05  3.693E-05  3.464E-05  3.252E-05  2.869E-05  2.702E-05  2.393E-05  2.002E-05  1.782E-05  1.405E-05  1.050E-05  7.560E-06  4.915E-06  1.853E-06
  8.459E-05  8.382E-05  8.254E-05  8.062E-05  7.735E-05  7.251E-05  6.742E-05  6.275E-05  5.850E-05  5.460E-05  5.101E-05  4.770E-05  4.464E-05  4.181E-05  3.919E-05  3.676E-05  3.450E-05  3.241E-05  2.862E-05  2.696E-05  2.389E-05  1.999E-05  1.780E-05  1.405E-05  1.051E-05  7.568E-06  4.910E-06  1.861E-06
  7.724E-05  7.664E-05  7.567E-05  7.432E-05  7.251E-05  6.972E-05  6.573E-05  6.149E-05  5.751E-05  5.382E-05  5.039E-05  4.720E-05  4.424E-05  4.149E-05  3.893E-05  3.655E-05  3.433E-05  3.227E-05  2.853E-05  2.689E-05  2.384E-05  1.995E-05  1.777E-05  1.404E-05  1.053E-05  7.578E-06  4.906E-06  1.871E-06
  7.095E-05  7.051E-05  6.977E-05  6.874E-05  6.742E-05  6.573E-05  6.330E-05  5.993E-05  5.631E-05  5.287E-05  4.963E-05  4.660E-05  4.376E-05  4.110E-05  3.861E-05  3.629E-05  3.413E-05  3.210E-05  2.842E-05  2.680E-05  2.378E-05  1.991E-05  1.774E-05  1.404E-05  1.055E-05  7.589E-06  4.900E-06  1.881E-06
  6.547E-05  6.513E-05  6.457E-05  6.378E-05  6.275E-05  6.149E-05  5.993E-05  5.779E-05  5.489E-05  5.176E-05  4.875E-05  4.589E-05  4.318E-05  4.063E-05  3.824E-05  3.599E-05  3.388E-05  3.191E-05  2.829E-05  2.669E-05  2.370E-05  1.987E-05  1.771E-05  1.404E-05  1.056E-05  7.602E-06  4.894E-06  1.893E-06
  6.060E-05  6.035E-05  5.992E-05  5.931E-05  5.850E-05  5.751E-05  5.631E-05  5.489E-05  5.298E-05  5.045E-05  4.772E-05  4.506E-05  4.252E-05  4.010E-05  3.780E-05  3.564E-05  3.359E-05  3.167E-05  2.813E-05  2.656E-05  2.361E-05  1.981E-05  1.767E-05  1.403E-05  1.058E-05  7.616E-06  4.888E-06  1.906E-06
  5.626E-05  5.605E-05  5.572E-05  5.523E-05  5.460E-05  5.382E-05  5.287E-05  5.176E-05  5.045E-05  4.875E-05  4.652E-05  4.411E-05  4.175E-05  3.948E-05  3.730E-05  3.523E-05  3.326E-05  3.140E-05  2.795E-05  2.640E-05  2.350E-05  1.975E-05  1.764E-05  1.403E-05  1.060E-05  7.631E-06  4.882E-06  1.920E-06
  5.233E-05  5.217E-05  5.190E-05  5.151E-05  5.101E-05  5.039E-05  4.963E-05  4.875E-05  4.772E-05  4.652E-05  4.499E-05  4.302E-05  4.088E-05  3.877E-05  3.673E-05  3.476E-05  3.288E-05  3.109E-05  2.773E-05  2.623E-05  2.338E-05  1.969E-05  1.759E-05  1.402E-05  1.062E-05  7.647E-06  4.876E-06  1.934E-06
  4.877E-05  4.863E-05  4.841E-05  4.810E-05  4.770E-05  4.720E-05  4.660E-05  4.589E-05  4.506E-05  4.411E-05  4.302E-05  4.164E-05  3.989E-05  3.797E-05  3.608E-05  3.423E-05  3.245E-05  3.073E-05  2.749E-05  2.602E-05  2.324E-05  1.961E-05  1.755E-05  1.401E-05  1.064E-05  7.663E-06  4.872E-06  1.949E-06
  4.550E-05  4.540E-05  4.522E-05  4.497E-05  4.464E-05  4.424E-05  4.376E-05  4.318E-05  4.252E-05  4.175E-05  4.088E-05  3.989E-05  3.864E-05  3.706E-05  3.534E-05  3.363E-05  3.195E-05  3.032E-05  2.721E-05  2.579E-05  2.309E-05  1.953E-05  1.750E-05  1.400E-05  1.065E-05  7.678E-06  4.869E-06  1.965E-06
  4.251E-05  4.242E-05  4.228E-05  4.207E-05  4.181E-05  4.149E-05  4.110E-05  4.063E-05  4.010E-05  3.948E-05  3.877E-05  3.797E-05  3.706E-05  3.593E-05  3.450E-05  3.295E-05  3.139E-05  2.986E-05  2.690E-05  2.554E-05  2.291E-05  1.944E-05  1.744E-05  1.399E-05  1.067E-05  7.693E-06  4.867E-06  1.982E-06
  3.975E-05  3.968E-05  3.957E-05  3.940E-05  3.919E-05  3.893E-05  3.861E-05  3.824E-05  3.780E-05  3.730E-05  3.673E-05  3.608E-05  3.534E-05  3.450E-05  3.347E-05  3.217E-05  3.076E-05  2.934E-05  2.654E-05  2.524E-05  2.271E-05  1.933E-05  1.738E-05  1.398E-05  1.068E-05  7.706E-06  4.866E-06  1.999E-06
  3.721E-05  3.716E-05  3.706E-05  3.693E-05  3.676E-05  3.655E-05  3.629E-05  3.599E-05  3.564E-05  3.523E-05  3.476E-05  3.423E-05  3.363E-05  3.295E-05  3.217E-05  3.123E-05  3.005E-05  2.876E-05  2.614E-05  2.492E-05  2.249E-05  1.921E-05  1.731E-05  1.396E-05  1.069E-05  7.719E-06  4.868E-06  2.016E-06
  3.487E-05  3.482E-05  3.475E-05  3.464E-05  3.450E-05  3.433E-05  3.413E-05  3.388E-05  3.359E-05  3.326E-05  3.288E-05  3.245E-05  3.195E-05  3.139E-05  3.076E-05  3.005E-05  2.918E-05  2.810E-05  2.570E-05  2.455E-05  2.225E-05  1.908E-05  1.722E-05  1.394E-05  1.069E-05  7.730E-06  4.872E-06  2.034E-06
  3.270E-05  3.266E-05  3.260E-05  3.252E-05  3.241E-05  3.227E-05  3.210E-05  3.191E-05  3.167E-05  3.140E-05  3.109E-05  3.073E-05  3.032E-05  2.986E-05  2.934E-05  2.876E-05  2.810E-05  2.730E-05  2.520E-05  2.414E-05  2.197E-05  1.894E-05  1.713E-05  1.391E-05  1.070E-05  7.740E-06  4.878E-06  2.052E-06
  2.880E-05  2.878E-05  2.874E-05  2.869E-05  2.862E-05  2.853E-05  2.842E-05  2.829E-05  2.813E-05  2.795E-05  2.773E-05  2.749E-05  2.721E-05  2.690E-05  2.654E-05  2.614E-05  2.570E-05  2.520E-05  2.392E-05  2.314E-05  2.130E-05  1.858E-05  1.690E-05  1.383E-05  1.069E-05  7.755E-06  4.896E-06  2.091E-06
  2.710E-05  2.709E-05  2.706E-05  2.702E-05  2.696E-05  2.689E-05  2.680E-05  2.669E-05  2.656E-05  2.640E-05  2.623E-05  2.602E-05  2.579E-05  2.554E-05  2.524E-05  2.492E-05  2.455E-05  2.414E-05  2.314E-05  2.255E-05  2.093E-05  1.837E-05  1.677E-05  1.378E-05  1.069E-05  7.760E-06  4.907E-06  2.110E-06
  2.400E-05  2.399E-05  2.397E-05  2.393E-05  2.389E-05  2.384E-05  2.378E-05  2.370E-05  2.361E-05  2.350E-05  2.338E-05  2.324E-05  2.309E-05  2.291E-05  2.271E-05  2.249E-05  2.225E-05  2.197E-05  2.130E-05  2.093E-05  1.994E-05  1.786E-05  1.643E-05  1.365E-05  1.065E-05  7.767E-06  4.936E-06  2.152E-06
  2.008E-05  2.006E-05  2.005E-05  2.002E-05  1.999E-05  1.995E-05  1.991E-05  1.987E-05  1.981E-05  1.975E-05  1.969E-05  1.961E-05  1.953E-05  1.944E-05  1.933E-05  1.921E-05  1.908E-05  1.894E-05  1.858E-05  1.837E-05  1.786E-05  1.674E-05  1.572E-05  1.333E-05  1.056E-05  7.767E-06  4.989E-06  2.219E-06
  1.786E-05  1.785E-05  1.784E-05  1.782E-05  1.780E-05  1.777E-05  1.774E-05  1.771E-05  1.767E-05  1.764E-05  1.759E-05  1.755E-05  1.750E-05  1.744E-05  1.738E-05  1.731E-05  1.722E-05  1.713E-05  1.690E-05  1.677E-05  1.643E-05  1.572E-05  1.506E-05  1.305E-05  1.046E-05  7.760E-06  5.027E-06  2.265E-06
  1.405E-05  1.405E-05  1.405E-05  1.405E-05  1.405E-05  1.404E-05  1.404E-05  1.404E-05  1.403E-05  1.403E-05  1.402E-05  1.401E-05  1.400E-05  1.399E-05  1.398E-05  1.396E-05  1.394E-05  1.391E-05  1.383E-05  1.378E-05  1.365E-05  1.333E-05  1.305E-05  1.207E-05  1.011E-05  7.708E-06  5.109E-06  2.370E-06
  1.048E-05  1.048E-05  1.049E-05  1.050E-05  1.051E-05  1.053E-05  1.055E-05  1.056E-05  1.058E-05  1.060E-05  1.062E-05  1.064E-05  1.065E-05  1.067E-05  1.068E-05  1.069E-05  1.069E-05  1.070E-05  1.069E-05  1.069E-05  1.065E-05  1.056E-05  1.046E-05  1.011E-05  9.267E-06  7.521E-06  5.193E-06  2.513E-06
  7.547E-06  7.549E-06  7.554E-06  7.560E-06  7.568E-06  7.578E-06  7.589E-06  7.602E-06  7.616E-06  7.631E-06  7.647E-06  7.663E-06  7.678E-06  7.693E-06  7.706E-06  7.719E-06  7.730E-06  7.740E-06  7.755E-06  7.760E-06  7.767E-06  7.767E-06  7.760E-06  7.708E-06  7.521E-06  6.890E-06  5.203E-06  2.693E-06
  4.922E-06  4.920E-06  4.918E-06  4.915E-06  4.910E-06  4.906E-06  4.900E-06  4.894E-06  4.888E-06  4.882E-06  4.876E-06  4.872E-06  4.869E-06  4.867E-06  4.866E-06  4.868E-06  4.872E-06  4.878E-06  4.896E-06  4.907E-06  4.936E-06  4.989E-06  5.027E-06  5.109E-06  5.193E-06  5.203E-06  4.769E-06  2.910E-06
  1.840E-06  1.842E-06  1.847E-06  1.853E-06  1.861E-06  1.871E-06  1.881E-06  1.893E-06  1.906E-06  1.920E-06  1.934E-06  1.949E-06  1.965E-06  1.982E-06  1.999E-06  2.016E-06  2.034E-06  2.052E-06  2.091E-06  2.110E-06  2.152E-06  2.219E-06  2.265E-06  2.370E-06  2.513E-06  2.693E-06  2.910E-06  2.821E-06
